ProductID	RelatedProuductID
1	10
1	18
1	78
1	85
1	89
1	108
1	113
1	135
1	148
1	163
1	168
1	184
1	189
1	210
1	220
1	230
1	240
1	246
1	252
2	3
2	4
2	8
2	9
2	10
2	11
2	12
2	14
2	19
2	27
2	28
2	29
2	30
2	36
2	41
2	47
2	48
2	49
2	63
2	69
2	79
2	107
2	108
2	112
2	125
2	130
2	137
2	140
2	144
2	145
2	163
2	167
2	170
2	171
2	174
2	199
2	244
3	2
3	4
3	8
3	9
3	10
3	11
3	12
3	14
3	15
3	19
3	25
3	27
3	28
3	29
3	30
3	34
3	36
3	41
3	45
3	47
3	48
3	49
3	60
3	62
3	63
3	69
3	79
3	80
3	82
3	85
3	88
3	107
3	108
3	112
3	125
3	130
3	137
3	140
3	144
3	145
3	163
3	167
3	170
3	171
3	174
3	183
3	199
3	213
3	244
4	2
4	3
4	5
4	8
4	9
4	11
4	12
4	13
4	14
4	15
4	16
4	18
4	19
4	24
4	25
4	26
4	27
4	28
4	29
4	33
4	34
4	36
4	39
4	41
4	42
4	45
4	47
4	48
4	49
4	55
4	56
4	58
4	60
4	61
4	62
4	63
4	64
4	68
4	69
4	71
4	74
4	77
4	79
4	80
4	82
4	85
4	88
4	90
4	91
4	92
4	93
4	102
4	104
4	107
4	108
4	112
4	114
4	116
4	120
4	124
4	125
4	130
4	134
4	136
4	137
4	138
4	140
4	141
4	143
4	144
4	145
4	146
4	155
4	162
4	163
4	165
4	169
4	170
4	171
4	174
4	180
4	181
4	183
4	187
4	193
4	194
4	197
4	199
4	205
4	206
4	209
4	211
4	213
4	219
4	221
4	223
4	225
4	233
4	237
4	238
4	242
4	243
4	247
5	4
5	8
5	9
5	12
5	13
5	16
5	18
5	25
5	28
5	29
5	33
5	34
5	42
5	45
5	55
5	56
5	58
5	60
5	61
5	68
5	77
5	82
5	88
5	90
5	91
5	92
5	102
5	104
5	112
5	116
5	124
5	125
5	134
5	136
5	137
5	138
5	141
5	155
5	174
5	180
5	181
5	193
5	194
5	197
5	206
5	211
5	219
5	225
5	237
5	243
8	2
8	3
8	4
8	5
8	9
8	11
8	12
8	13
8	14
8	15
8	16
8	18
8	19
8	25
8	27
8	28
8	33
8	34
8	36
8	41
8	42
8	45
8	47
8	48
8	49
8	55
8	56
8	58
8	60
8	61
8	62
8	63
8	68
8	69
8	77
8	79
8	80
8	82
8	85
8	88
8	90
8	91
8	92
8	102
8	104
8	107
8	108
8	112
8	116
8	124
8	125
8	130
8	134
8	136
8	137
8	138
8	140
8	141
8	144
8	145
8	155
8	163
8	170
8	171
8	174
8	180
8	181
8	183
8	193
8	194
8	197
8	199
8	206
8	211
8	213
8	219
8	225
8	237
8	243
9	2
9	3
9	4
9	5
9	8
9	11
9	12
9	14
9	18
9	19
9	27
9	28
9	33
9	34
9	36
9	41
9	42
9	45
9	47
9	49
9	61
9	63
9	68
9	77
9	79
9	88
9	91
9	107
9	108
9	112
9	124
9	125
9	130
9	134
9	137
9	138
9	140
9	144
9	145
9	163
9	170
9	171
9	181
9	193
9	199
9	206
9	219
10	1
10	2
10	3
10	14
10	29
10	30
10	48
10	69
10	78
10	85
10	89
10	108
10	113
10	125
10	130
10	135
10	137
10	140
10	148
10	163
10	167
10	168
10	174
10	184
10	189
10	210
10	220
10	230
10	240
10	244
10	246
10	252
11	2
11	3
11	4
11	8
11	9
11	12
11	14
11	19
11	27
11	28
11	36
11	41
11	47
11	49
11	63
11	79
11	107
11	108
11	112
11	125
11	130
11	137
11	140
11	144
11	145
11	163
11	170
11	171
11	199
12	2
12	3
12	4
12	5
12	8
12	9
12	11
12	14
12	18
12	19
12	27
12	28
12	33
12	34
12	36
12	41
12	42
12	45
12	47
12	49
12	61
12	63
12	68
12	77
12	79
12	88
12	91
12	107
12	108
12	112
12	124
12	125
12	130
12	134
12	137
12	138
12	140
12	144
12	145
12	163
12	170
12	171
12	181
12	193
12	199
12	206
12	219
13	4
13	5
13	8
13	16
13	18
13	25
13	55
13	56
13	58
13	60
13	90
13	92
13	102
13	104
13	116
13	136
13	137
13	141
13	155
13	174
13	180
13	194
13	197
13	211
13	225
13	237
13	243
14	2
14	3
14	4
14	8
14	9
14	10
14	11
14	12
14	19
14	27
14	28
14	29
14	30
14	36
14	41
14	47
14	48
14	49
14	63
14	69
14	79
14	107
14	108
14	112
14	125
14	130
14	137
14	140
14	144
14	145
14	163
14	167
14	170
14	171
14	174
14	199
14	244
15	3
15	4
15	8
15	24
15	25
15	26
15	34
15	39
15	45
15	48
15	60
15	62
15	64
15	69
15	71
15	74
15	79
15	80
15	82
15	85
15	88
15	93
15	114
15	120
15	143
15	146
15	162
15	165
15	169
15	171
15	183
15	187
15	197
15	205
15	209
15	213
15	221
15	223
15	233
15	238
15	242
15	243
15	247
16	4
16	5
16	8
16	13
16	18
16	25
16	55
16	56
16	58
16	60
16	90
16	92
16	102
16	104
16	116
16	136
16	137
16	141
16	155
16	174
16	180
16	194
16	197
16	211
16	225
16	237
16	243
18	1
18	4
18	5
18	8
18	9
18	12
18	13
18	16
18	25
18	28
18	33
18	34
18	42
18	45
18	55
18	56
18	58
18	60
18	61
18	68
18	77
18	88
18	90
18	91
18	92
18	102
18	104
18	112
18	116
18	124
18	134
18	136
18	137
18	138
18	141
18	155
18	174
18	180
18	181
18	193
18	194
18	197
18	206
18	211
18	219
18	225
18	237
18	243
19	2
19	3
19	4
19	8
19	9
19	11
19	12
19	14
19	20
19	21
19	22
19	23
19	25
19	27
19	28
19	31
19	32
19	36
19	40
19	41
19	44
19	47
19	49
19	52
19	59
19	61
19	62
19	63
19	67
19	68
19	71
19	72
19	78
19	79
19	80
19	84
19	85
19	86
19	87
19	88
19	89
19	94
19	97
19	98
19	101
19	106
19	107
19	108
19	112
19	115
19	123
19	124
19	125
19	128
19	129
19	130
19	131
19	133
19	135
19	137
19	139
19	140
19	143
19	144
19	145
19	159
19	163
19	170
19	171
19	173
19	185
19	187
19	197
19	199
19	203
19	210
19	213
19	214
19	216
19	218
19	224
19	227
19	230
19	233
19	240
19	241
19	242
19	245
19	247
19	252
20	19
20	21
20	23
20	25
20	31
20	32
20	40
20	41
20	44
20	52
20	61
20	62
20	67
20	72
20	78
20	84
20	87
20	94
20	97
20	98
20	106
20	115
20	129
20	131
20	135
20	143
20	159
20	173
20	185
20	203
20	213
20	216
20	218
20	224
20	227
20	240
20	241
20	242
21	19
21	20
21	23
21	25
21	31
21	41
21	44
21	52
21	62
21	67
21	72
21	84
21	87
21	94
21	98
21	106
21	213
21	216
21	241
21	242
22	19
22	25
22	59
22	61
22	101
22	123
22	128
23	19
23	20
23	21
23	25
23	31
23	41
23	44
23	52
23	62
23	67
23	72
23	84
23	87
23	94
23	98
23	106
23	132
23	210
23	211
23	213
23	216
23	241
23	242
24	4
24	15
24	26
24	39
24	64
24	71
24	74
24	82
24	93
24	114
24	120
24	143
24	146
24	162
24	165
24	169
24	187
24	197
24	205
24	209
24	221
24	223
24	233
24	238
24	242
24	243
24	247
25	3
25	4
25	5
25	8
25	13
25	15
25	16
25	18
25	19
25	20
25	21
25	22
25	23
25	31
25	34
25	41
25	44
25	45
25	48
25	52
25	55
25	56
25	58
25	59
25	60
25	61
25	62
25	67
25	69
25	72
25	79
25	80
25	82
25	84
25	85
25	87
25	88
25	90
25	92
25	94
25	98
25	101
25	102
25	104
25	106
25	116
25	123
25	128
25	136
25	137
25	141
25	155
25	171
25	174
25	180
25	183
25	194
25	197
25	211
25	213
25	216
25	225
25	237
25	241
25	242
25	243
26	4
26	15
26	24
26	39
26	64
26	71
26	74
26	82
26	93
26	114
26	120
26	143
26	146
26	162
26	165
26	169
26	187
26	197
26	205
26	209
26	221
26	223
26	233
26	238
26	242
26	243
26	247
27	2
27	3
27	4
27	8
27	9
27	11
27	12
27	14
27	19
27	28
27	36
27	41
27	47
27	49
27	63
27	79
27	107
27	108
27	112
27	125
27	130
27	137
27	140
27	144
27	145
27	163
27	170
27	171
27	199
28	2
28	3
28	4
28	5
28	8
28	9
28	11
28	12
28	14
28	18
28	19
28	27
28	33
28	34
28	36
28	41
28	42
28	45
28	47
28	49
28	61
28	63
28	68
28	77
28	79
28	88
28	91
28	107
28	108
28	112
28	124
28	125
28	130
28	134
28	137
28	138
28	140
28	144
28	145
28	163
28	170
28	171
28	181
28	193
28	199
28	206
28	219
29	2
29	3
29	4
29	5
29	10
29	14
29	30
29	33
29	34
29	48
29	69
29	82
29	125
29	130
29	137
29	140
29	167
29	174
29	244
30	2
30	3
30	10
30	14
30	29
30	48
30	69
30	125
30	130
30	137
30	140
30	167
30	174
30	244
31	19
31	20
31	21
31	23
31	25
31	32
31	40
31	41
31	44
31	52
31	61
31	62
31	67
31	72
31	78
31	84
31	87
31	94
31	97
31	98
31	106
31	115
31	129
31	131
31	135
31	143
31	159
31	173
31	185
31	203
31	213
31	216
31	218
31	224
31	227
31	240
31	241
31	242
32	19
32	20
32	31
32	40
32	61
32	78
32	97
32	115
32	129
32	131
32	135
32	143
32	159
32	173
32	185
32	203
32	218
32	224
32	227
32	240
33	4
33	5
33	8
33	9
33	12
33	18
33	28
33	29
33	34
33	42
33	45
33	61
33	68
33	77
33	82
33	88
33	91
33	112
33	124
33	125
33	134
33	138
33	181
33	193
33	206
33	219
34	3
34	4
34	5
34	8
34	9
34	12
34	15
34	18
34	25
34	28
34	29
34	33
34	42
34	45
34	48
34	60
34	61
34	62
34	68
34	69
34	77
34	79
34	80
34	82
34	85
34	88
34	91
34	112
34	124
34	125
34	134
34	138
34	171
34	181
34	183
34	193
34	206
34	213
34	219
36	2
36	3
36	4
36	8
36	9
36	11
36	12
36	14
36	19
36	27
36	28
36	41
36	47
36	49
36	63
36	79
36	107
36	108
36	112
36	125
36	130
36	137
36	140
36	144
36	145
36	163
36	170
36	171
36	199
37	51
37	67
37	70
37	82
37	125
39	4
39	15
39	24
39	26
39	40
39	48
39	64
39	71
39	74
39	82
39	85
39	88
39	93
39	103
39	108
39	114
39	120
39	143
39	146
39	162
39	165
39	169
39	187
39	197
39	205
39	209
39	221
39	223
39	233
39	238
39	242
39	243
39	247
40	19
40	20
40	31
40	32
40	39
40	48
40	61
40	63
40	68
40	71
40	78
40	80
40	85
40	86
40	88
40	89
40	97
40	103
40	108
40	115
40	124
40	129
40	131
40	133
40	135
40	139
40	143
40	159
40	173
40	185
40	187
40	197
40	203
40	210
40	214
40	218
40	224
40	227
40	230
40	233
40	240
40	245
40	247
40	252
41	2
41	3
41	4
41	8
41	9
41	11
41	12
41	14
41	19
41	20
41	21
41	23
41	25
41	27
41	28
41	31
41	36
41	44
41	47
41	49
41	52
41	62
41	63
41	67
41	72
41	79
41	84
41	87
41	94
41	95
41	98
41	106
41	107
41	108
41	112
41	125
41	130
41	137
41	140
41	144
41	145
41	163
41	170
41	171
41	199
41	213
41	216
41	241
41	242
42	4
42	5
42	8
42	9
42	12
42	18
42	28
42	33
42	34
42	44
42	45
42	61
42	68
42	70
42	73
42	77
42	81
42	88
42	91
42	105
42	112
42	119
42	124
42	131
42	134
42	138
42	181
42	193
42	206
42	219
44	19
44	20
44	21
44	23
44	25
44	31
44	41
44	42
44	52
44	62
44	67
44	70
44	72
44	73
44	81
44	84
44	87
44	94
44	98
44	105
44	106
44	119
44	131
44	213
44	216
44	241
44	242
45	3
45	4
45	5
45	8
45	9
45	12
45	15
45	18
45	25
45	28
45	33
45	34
45	42
45	48
45	60
45	61
45	62
45	68
45	69
45	77
45	79
45	80
45	82
45	85
45	88
45	91
45	112
45	124
45	134
45	138
45	171
45	181
45	183
45	193
45	206
45	213
45	219
47	2
47	3
47	4
47	8
47	9
47	11
47	12
47	14
47	19
47	27
47	28
47	36
47	41
47	49
47	63
47	79
47	107
47	108
47	112
47	125
47	130
47	137
47	140
47	144
47	145
47	163
47	170
47	171
47	199
48	2
48	3
48	4
48	8
48	10
48	14
48	15
48	25
48	29
48	30
48	34
48	39
48	40
48	45
48	60
48	62
48	69
48	79
48	80
48	82
48	85
48	88
48	103
48	108
48	125
48	130
48	137
48	140
48	167
48	171
48	174
48	183
48	213
48	244
49	2
49	3
49	4
49	8
49	9
49	11
49	12
49	14
49	19
49	27
49	28
49	36
49	41
49	47
49	63
49	79
49	107
49	108
49	112
49	125
49	130
49	137
49	140
49	144
49	145
49	163
49	170
49	171
49	199
51	37
51	67
51	70
51	82
51	125
52	19
52	20
52	21
52	23
52	25
52	31
52	41
52	44
52	54
52	62
52	67
52	71
52	72
52	84
52	86
52	87
52	94
52	98
52	106
52	124
52	213
52	216
52	241
52	242
54	52
54	71
54	86
54	124
55	4
55	5
55	8
55	13
55	16
55	18
55	25
55	56
55	58
55	60
55	90
55	92
55	102
55	104
55	116
55	136
55	137
55	141
55	155
55	174
55	180
55	194
55	197
55	211
55	225
55	237
55	243
56	4
56	5
56	8
56	13
56	16
56	18
56	25
56	55
56	58
56	60
56	90
56	92
56	102
56	104
56	116
56	136
56	137
56	141
56	155
56	174
56	180
56	194
56	197
56	211
56	225
56	237
56	243
58	4
58	5
58	8
58	13
58	16
58	18
58	25
58	55
58	56
58	60
58	90
58	92
58	102
58	104
58	116
58	136
58	137
58	141
58	155
58	174
58	180
58	194
58	197
58	211
58	225
58	237
58	243
59	19
59	22
59	25
59	61
59	101
59	123
59	128
60	3
60	4
60	5
60	8
60	13
60	15
60	16
60	18
60	25
60	34
60	45
60	48
60	55
60	56
60	58
60	62
60	69
60	79
60	80
60	82
60	85
60	88
60	90
60	92
60	102
60	104
60	116
60	136
60	137
60	141
60	155
60	171
60	174
60	180
60	183
60	194
60	197
60	211
60	213
60	225
60	237
60	243
61	4
61	5
61	8
61	9
61	12
61	18
61	19
61	20
61	22
61	25
61	28
61	31
61	32
61	33
61	34
61	40
61	42
61	45
61	59
61	68
61	77
61	78
61	88
61	91
61	97
61	101
61	112
61	115
61	123
61	124
61	128
61	129
61	131
61	134
61	135
61	138
61	143
61	159
61	173
61	181
61	185
61	193
61	203
61	206
61	218
61	219
61	224
61	227
61	240
62	3
62	4
62	8
62	15
62	19
62	20
62	21
62	23
62	25
62	31
62	34
62	41
62	44
62	45
62	48
62	52
62	60
62	67
62	69
62	72
62	79
62	80
62	82
62	84
62	85
62	87
62	88
62	94
62	98
62	106
62	171
62	183
62	213
62	216
62	241
62	242
63	2
63	3
63	4
63	8
63	9
63	11
63	12
63	14
63	19
63	27
63	28
63	36
63	40
63	41
63	47
63	49
63	68
63	71
63	79
63	80
63	85
63	86
63	88
63	89
63	107
63	108
63	112
63	124
63	125
63	129
63	130
63	133
63	137
63	139
63	140
63	144
63	145
63	163
63	170
63	171
63	185
63	187
63	197
63	199
63	210
63	214
63	230
63	233
63	245
63	247
63	252
64	4
64	15
64	24
64	26
64	39
64	71
64	74
64	82
64	93
64	114
64	120
64	143
64	146
64	162
64	165
64	169
64	187
64	197
64	205
64	209
64	221
64	223
64	233
64	238
64	242
64	243
64	247
66	125
66	170
66	179
66	202
66	228
66	237
66	243
67	19
67	20
67	21
67	23
67	25
67	31
67	37
67	41
67	44
67	51
67	52
67	62
67	70
67	72
67	82
67	84
67	87
67	94
67	98
67	106
67	125
67	213
67	216
67	241
67	242
68	4
68	5
68	8
68	9
68	12
68	18
68	19
68	28
68	33
68	34
68	40
68	42
68	45
68	61
68	63
68	71
68	77
68	80
68	85
68	86
68	88
68	89
68	91
68	112
68	124
68	129
68	133
68	134
68	138
68	139
68	181
68	185
68	187
68	193
68	197
68	206
68	210
68	214
68	219
68	230
68	233
68	245
68	247
68	252
69	2
69	3
69	4
69	8
69	10
69	14
69	15
69	25
69	29
69	30
69	34
69	45
69	48
69	60
69	62
69	79
69	80
69	82
69	85
69	88
69	125
69	130
69	137
69	140
69	167
69	171
69	174
69	183
69	213
69	244
70	37
70	42
70	44
70	51
70	67
70	73
70	81
70	82
70	105
70	119
70	125
70	131
71	4
71	15
71	19
71	24
71	26
71	39
71	40
71	52
71	54
71	63
71	64
71	68
71	74
71	80
71	82
71	85
71	86
71	88
71	89
71	93
71	114
71	120
71	124
71	129
71	133
71	139
71	143
71	146
71	162
71	165
71	169
71	185
71	187
71	197
71	205
71	209
71	210
71	214
71	221
71	223
71	230
71	233
71	238
71	242
71	243
71	245
71	247
71	252
72	19
72	20
72	21
72	23
72	25
72	31
72	41
72	44
72	52
72	62
72	67
72	84
72	87
72	94
72	98
72	106
72	213
72	216
72	241
72	242
73	42
73	44
73	70
73	81
73	105
73	119
73	131
74	4
74	15
74	24
74	26
74	39
74	64
74	71
74	82
74	93
74	114
74	120
74	143
74	146
74	162
74	165
74	169
74	187
74	197
74	205
74	209
74	221
74	223
74	233
74	238
74	242
74	243
74	247
75	94
75	146
75	150
75	153
75	155
75	166
75	169
75	183
75	222
75	229
75	238
77	4
77	5
77	8
77	9
77	12
77	18
77	28
77	33
77	34
77	42
77	45
77	61
77	68
77	88
77	91
77	112
77	124
77	134
77	138
77	181
77	193
77	206
77	219
78	1
78	10
78	19
78	20
78	31
78	32
78	40
78	61
78	85
78	89
78	97
78	108
78	113
78	115
78	129
78	131
78	135
78	143
78	148
78	159
78	163
78	168
78	173
78	184
78	185
78	189
78	203
78	210
78	218
78	220
78	224
78	227
78	230
78	240
78	246
78	252
79	2
79	3
79	4
79	8
79	9
79	11
79	12
79	14
79	15
79	19
79	25
79	27
79	28
79	34
79	36
79	41
79	45
79	47
79	48
79	49
79	60
79	62
79	63
79	69
79	80
79	82
79	85
79	88
79	107
79	108
79	112
79	125
79	130
79	137
79	140
79	144
79	145
79	163
79	170
79	171
79	183
79	199
79	213
80	3
80	4
80	8
80	15
80	19
80	25
80	34
80	40
80	45
80	48
80	60
80	62
80	63
80	68
80	69
80	71
80	79
80	82
80	85
80	86
80	88
80	89
80	124
80	129
80	133
80	139
80	171
80	183
80	185
80	187
80	197
80	210
80	213
80	214
80	230
80	233
80	245
80	247
80	252
81	42
81	44
81	70
81	73
81	105
81	119
81	131
82	3
82	4
82	5
82	8
82	15
82	24
82	25
82	26
82	29
82	33
82	34
82	37
82	39
82	45
82	48
82	51
82	60
82	62
82	64
82	67
82	69
82	70
82	71
82	74
82	79
82	80
82	85
82	88
82	93
82	114
82	120
82	125
82	143
82	146
82	162
82	165
82	169
82	171
82	183
82	187
82	197
82	205
82	209
82	213
82	221
82	223
82	233
82	238
82	242
82	243
82	247
84	19
84	20
84	21
84	23
84	25
84	31
84	41
84	44
84	52
84	62
84	67
84	72
84	87
84	94
84	98
84	106
84	213
84	216
84	241
84	242
85	1
85	3
85	4
85	8
85	10
85	15
85	19
85	25
85	34
85	39
85	40
85	45
85	48
85	60
85	62
85	63
85	68
85	69
85	71
85	78
85	79
85	80
85	82
85	86
85	88
85	89
85	103
85	108
85	113
85	124
85	129
85	133
85	135
85	139
85	148
85	163
85	168
85	171
85	183
85	184
85	185
85	187
85	189
85	197
85	210
85	213
85	214
85	220
85	230
85	233
85	240
85	245
85	246
85	247
85	252
86	19
86	40
86	52
86	54
86	63
86	68
86	71
86	80
86	85
86	88
86	89
86	124
86	129
86	133
86	139
86	185
86	187
86	197
86	210
86	214
86	230
86	233
86	245
86	247
86	252
87	19
87	20
87	21
87	23
87	25
87	31
87	41
87	44
87	52
87	62
87	67
87	72
87	84
87	94
87	98
87	106
87	213
87	216
87	241
87	242
88	3
88	4
88	5
88	8
88	9
88	12
88	15
88	18
88	19
88	25
88	28
88	33
88	34
88	39
88	40
88	42
88	45
88	48
88	60
88	61
88	62
88	63
88	68
88	69
88	71
88	77
88	79
88	80
88	82
88	85
88	86
88	89
88	91
88	103
88	108
88	112
88	124
88	129
88	133
88	134
88	138
88	139
88	171
88	181
88	183
88	185
88	187
88	193
88	197
88	206
88	210
88	213
88	214
88	219
88	230
88	233
88	245
88	247
88	252
89	1
89	10
89	19
89	40
89	63
89	68
89	71
89	78
89	80
89	85
89	86
89	88
89	108
89	113
89	124
89	129
89	133
89	135
89	139
89	148
89	163
89	168
89	184
89	185
89	187
89	189
89	197
89	210
89	214
89	220
89	230
89	233
89	240
89	245
89	246
89	247
89	252
90	4
90	5
90	8
90	13
90	16
90	18
90	25
90	55
90	56
90	58
90	60
90	92
90	102
90	104
90	116
90	136
90	137
90	141
90	155
90	174
90	180
90	194
90	197
90	211
90	225
90	237
90	243
91	4
91	5
91	8
91	9
91	12
91	18
91	28
91	33
91	34
91	42
91	45
91	61
91	68
91	77
91	88
91	112
91	124
91	134
91	138
91	181
91	193
91	206
91	219
92	4
92	5
92	8
92	13
92	16
92	18
92	25
92	55
92	56
92	58
92	60
92	90
92	102
92	104
92	116
92	136
92	137
92	141
92	155
92	174
92	180
92	194
92	197
92	211
92	225
92	237
92	243
93	4
93	15
93	24
93	26
93	39
93	64
93	71
93	74
93	82
93	114
93	120
93	143
93	146
93	162
93	165
93	169
93	187
93	197
93	205
93	209
93	221
93	223
93	233
93	238
93	242
93	243
93	247
94	19
94	20
94	21
94	23
94	25
94	31
94	41
94	44
94	52
94	62
94	67
94	72
94	75
94	84
94	87
94	98
94	106
94	146
94	150
94	153
94	155
94	169
94	213
94	216
94	238
94	241
94	242
95	41
97	19
97	20
97	31
97	32
97	40
97	61
97	78
97	115
97	129
97	131
97	135
97	143
97	159
97	173
97	185
97	203
97	218
97	224
97	227
97	240
98	19
98	20
98	21
98	23
98	25
98	31
98	41
98	44
98	52
98	62
98	67
98	72
98	84
98	87
98	94
98	106
98	213
98	216
98	241
98	242
101	19
101	22
101	25
101	59
101	61
101	123
101	128
102	4
102	5
102	8
102	13
102	16
102	18
102	25
102	55
102	56
102	58
102	60
102	90
102	92
102	104
102	116
102	136
102	137
102	141
102	155
102	174
102	180
102	194
102	197
102	211
102	225
102	237
102	243
103	39
103	40
103	48
103	85
103	88
103	108
104	4
104	5
104	8
104	13
104	16
104	18
104	25
104	55
104	56
104	58
104	60
104	90
104	92
104	102
104	116
104	136
104	137
104	141
104	155
104	174
104	180
104	194
104	197
104	211
104	225
104	237
104	243
105	42
105	44
105	70
105	73
105	81
105	119
105	131
106	19
106	20
106	21
106	23
106	25
106	31
106	41
106	44
106	52
106	62
106	67
106	72
106	84
106	87
106	94
106	98
106	213
106	216
106	241
106	242
107	2
107	3
107	4
107	8
107	9
107	11
107	12
107	14
107	19
107	27
107	28
107	36
107	41
107	47
107	49
107	63
107	79
107	108
107	112
107	125
107	130
107	137
107	140
107	144
107	145
107	163
107	170
107	171
107	199
108	1
108	2
108	3
108	4
108	8
108	9
108	10
108	11
108	12
108	14
108	19
108	27
108	28
108	36
108	39
108	40
108	41
108	47
108	48
108	49
108	63
108	78
108	79
108	85
108	88
108	89
108	103
108	107
108	112
108	113
108	120
108	125
108	129
108	130
108	135
108	137
108	140
108	144
108	145
108	148
108	163
108	164
108	168
108	170
108	171
108	174
108	184
108	189
108	193
108	198
108	199
108	210
108	213
108	220
108	223
108	225
108	230
108	235
108	238
108	240
108	245
108	246
108	252
112	2
112	3
112	4
112	5
112	8
112	9
112	11
112	12
112	14
112	18
112	19
112	27
112	28
112	33
112	34
112	36
112	41
112	42
112	45
112	47
112	49
112	61
112	63
112	68
112	77
112	79
112	88
112	91
112	107
112	108
112	124
112	125
112	130
112	134
112	137
112	138
112	140
112	144
112	145
112	163
112	170
112	171
112	181
112	193
112	199
112	206
112	219
113	1
113	10
113	78
113	85
113	89
113	108
113	135
113	148
113	163
113	168
113	184
113	189
113	210
113	220
113	230
113	240
113	246
113	252
114	4
114	15
114	24
114	26
114	39
114	64
114	71
114	74
114	82
114	93
114	120
114	143
114	146
114	162
114	165
114	169
114	187
114	197
114	205
114	209
114	221
114	223
114	233
114	238
114	242
114	243
114	247
115	19
115	20
115	31
115	32
115	40
115	61
115	78
115	97
115	129
115	131
115	135
115	143
115	159
115	173
115	185
115	203
115	218
115	224
115	227
115	240
116	4
116	5
116	8
116	13
116	16
116	18
116	25
116	55
116	56
116	58
116	60
116	90
116	92
116	102
116	104
116	136
116	137
116	141
116	155
116	174
116	180
116	194
116	197
116	211
116	225
116	237
116	243
117	121
117	167
117	170
117	174
117	239
119	42
119	44
119	70
119	73
119	81
119	105
119	131
120	4
120	15
120	24
120	26
120	39
120	64
120	71
120	74
120	82
120	93
120	108
120	114
120	129
120	130
120	143
120	146
120	162
120	164
120	165
120	169
120	174
120	187
120	189
120	193
120	197
120	198
120	205
120	209
120	210
120	213
120	221
120	223
120	225
120	233
120	235
120	238
120	242
120	243
120	245
120	247
120	252
121	117
121	167
121	170
121	174
121	239
123	19
123	22
123	25
123	59
123	61
123	101
123	128
124	4
124	5
124	8
124	9
124	12
124	18
124	19
124	28
124	33
124	34
124	40
124	42
124	45
124	52
124	54
124	61
124	63
124	68
124	71
124	77
124	80
124	85
124	86
124	88
124	89
124	91
124	112
124	129
124	133
124	134
124	138
124	139
124	181
124	185
124	187
124	193
124	197
124	206
124	210
124	214
124	219
124	230
124	233
124	245
124	247
124	252
125	2
125	3
125	4
125	5
125	8
125	9
125	10
125	11
125	12
125	14
125	19
125	27
125	28
125	29
125	30
125	33
125	34
125	36
125	37
125	41
125	47
125	48
125	49
125	51
125	63
125	66
125	67
125	69
125	70
125	79
125	82
125	107
125	108
125	112
125	130
125	137
125	140
125	144
125	145
125	163
125	167
125	170
125	171
125	174
125	179
125	199
125	202
125	228
125	237
125	243
125	244
128	19
128	22
128	25
128	59
128	61
128	101
128	123
129	19
129	20
129	31
129	32
129	40
129	61
129	63
129	68
129	71
129	78
129	80
129	85
129	86
129	88
129	89
129	97
129	108
129	115
129	120
129	124
129	130
129	131
129	133
129	135
129	139
129	143
129	159
129	164
129	173
129	174
129	185
129	187
129	189
129	193
129	197
129	198
129	203
129	210
129	213
129	214
129	218
129	223
129	224
129	225
129	227
129	230
129	233
129	235
129	238
129	240
129	245
129	247
129	252
130	2
130	3
130	4
130	8
130	9
130	10
130	11
130	12
130	14
130	19
130	27
130	28
130	29
130	30
130	36
130	41
130	47
130	48
130	49
130	63
130	69
130	79
130	107
130	108
130	112
130	120
130	125
130	129
130	137
130	140
130	144
130	145
130	163
130	164
130	167
130	170
130	171
130	174
130	189
130	193
130	198
130	199
130	210
130	213
130	223
130	225
130	235
130	238
130	244
130	245
130	252
131	19
131	20
131	31
131	32
131	40
131	42
131	44
131	61
131	70
131	73
131	78
131	81
131	97
131	105
131	115
131	119
131	129
131	135
131	143
131	159
131	173
131	185
131	203
131	218
131	224
131	227
131	240
132	23
132	210
132	211
133	19
133	40
133	63
133	68
133	71
133	80
133	85
133	86
133	88
133	89
133	124
133	129
133	139
133	185
133	187
133	197
133	210
133	214
133	230
133	233
133	245
133	247
133	252
134	4
134	5
134	8
134	9
134	12
134	18
134	28
134	33
134	34
134	42
134	45
134	61
134	68
134	77
134	88
134	91
134	112
134	124
134	138
134	181
134	193
134	206
134	219
135	1
135	10
135	19
135	20
135	31
135	32
135	40
135	61
135	78
135	85
135	89
135	97
135	108
135	113
135	115
135	129
135	131
135	143
135	148
135	159
135	163
135	168
135	173
135	184
135	185
135	189
135	203
135	210
135	218
135	220
135	224
135	227
135	230
135	240
135	246
135	252
136	4
136	5
136	8
136	13
136	16
136	18
136	25
136	55
136	56
136	58
136	60
136	90
136	92
136	102
136	104
136	116
136	137
136	141
136	155
136	174
136	180
136	194
136	197
136	211
136	225
136	237
136	243
137	2
137	3
137	4
137	5
137	8
137	9
137	10
137	11
137	12
137	13
137	14
137	16
137	18
137	19
137	25
137	27
137	28
137	29
137	30
137	36
137	41
137	47
137	48
137	49
137	55
137	56
137	58
137	60
137	63
137	69
137	79
137	90
137	92
137	102
137	104
137	107
137	108
137	112
137	116
137	125
137	130
137	136
137	140
137	141
137	144
137	145
137	155
137	163
137	167
137	170
137	171
137	174
137	180
137	194
137	197
137	199
137	211
137	225
137	237
137	243
137	244
138	4
138	5
138	8
138	9
138	12
138	18
138	28
138	33
138	34
138	42
138	45
138	61
138	68
138	77
138	88
138	91
138	112
138	124
138	134
138	142
138	161
138	181
138	193
138	206
138	219
139	19
139	40
139	63
139	68
139	71
139	80
139	85
139	86
139	88
139	89
139	124
139	129
139	133
139	185
139	187
139	197
139	210
139	214
139	230
139	233
139	245
139	247
139	252
140	2
140	3
140	4
140	8
140	9
140	10
140	11
140	12
140	14
140	19
140	27
140	28
140	29
140	30
140	36
140	41
140	47
140	48
140	49
140	63
140	69
140	79
140	107
140	108
140	112
140	125
140	130
140	137
140	144
140	145
140	163
140	167
140	170
140	171
140	174
140	199
140	244
141	4
141	5
141	8
141	13
141	16
141	18
141	25
141	55
141	56
141	58
141	60
141	90
141	92
141	102
141	104
141	116
141	136
141	137
141	155
141	174
141	180
141	194
141	197
141	211
141	225
141	237
141	243
142	138
142	161
143	4
143	15
143	19
143	20
143	24
143	26
143	31
143	32
143	39
143	40
143	61
143	64
143	71
143	74
143	78
143	82
143	93
143	97
143	114
143	115
143	120
143	129
143	131
143	135
143	146
143	159
143	162
143	165
143	169
143	173
143	185
143	187
143	197
143	203
143	205
143	209
143	218
143	221
143	223
143	224
143	227
143	233
143	238
143	240
143	242
143	243
143	247
144	2
144	3
144	4
144	8
144	9
144	11
144	12
144	14
144	19
144	27
144	28
144	36
144	41
144	47
144	49
144	63
144	79
144	107
144	108
144	112
144	125
144	130
144	137
144	140
144	145
144	163
144	170
144	171
144	199
145	2
145	3
145	4
145	8
145	9
145	11
145	12
145	14
145	19
145	27
145	28
145	36
145	41
145	47
145	49
145	63
145	79
145	107
145	108
145	112
145	125
145	130
145	137
145	140
145	144
145	163
145	170
145	171
145	199
146	4
146	15
146	24
146	26
146	39
146	64
146	71
146	74
146	75
146	82
146	93
146	94
146	114
146	120
146	143
146	150
146	153
146	155
146	162
146	165
146	169
146	187
146	197
146	205
146	209
146	221
146	223
146	233
146	238
146	242
146	243
146	247
148	1
148	10
148	78
148	85
148	89
148	108
148	113
148	135
148	163
148	168
148	184
148	189
148	210
148	220
148	230
148	240
148	246
148	252
150	75
150	94
150	146
150	153
150	155
150	169
150	238
153	75
153	94
153	146
153	150
153	155
153	169
153	238
155	4
155	5
155	8
155	13
155	16
155	18
155	25
155	55
155	56
155	58
155	60
155	75
155	90
155	92
155	94
155	102
155	104
155	116
155	136
155	137
155	141
155	146
155	150
155	153
155	169
155	174
155	180
155	194
155	197
155	211
155	225
155	237
155	238
155	243
159	19
159	20
159	31
159	32
159	40
159	61
159	78
159	97
159	115
159	129
159	131
159	135
159	143
159	173
159	185
159	203
159	218
159	224
159	227
159	240
161	138
161	142
162	4
162	15
162	24
162	26
162	39
162	64
162	71
162	74
162	82
162	93
162	114
162	120
162	143
162	146
162	165
162	169
162	187
162	197
162	205
162	209
162	221
162	223
162	233
162	238
162	242
162	243
162	247
163	1
163	2
163	3
163	4
163	8
163	9
163	10
163	11
163	12
163	14
163	19
163	27
163	28
163	36
163	41
163	47
163	49
163	63
163	78
163	79
163	85
163	89
163	107
163	108
163	112
163	113
163	125
163	130
163	135
163	137
163	140
163	144
163	145
163	148
163	168
163	170
163	171
163	184
163	189
163	199
163	210
163	220
163	230
163	240
163	246
163	252
164	108
164	120
164	129
164	130
164	174
164	189
164	193
164	198
164	210
164	213
164	223
164	225
164	235
164	238
164	245
164	252
165	4
165	15
165	24
165	26
165	39
165	64
165	71
165	74
165	82
165	93
165	114
165	120
165	143
165	146
165	162
165	169
165	187
165	197
165	205
165	209
165	221
165	223
165	233
165	238
165	242
165	243
165	247
166	75
166	183
166	222
166	229
167	2
167	3
167	10
167	14
167	29
167	30
167	48
167	69
167	117
167	121
167	125
167	130
167	137
167	140
167	170
167	174
167	239
167	244
168	1
168	10
168	78
168	85
168	89
168	108
168	113
168	135
168	148
168	163
168	184
168	189
168	210
168	220
168	230
168	240
168	246
168	252
169	4
169	15
169	24
169	26
169	39
169	64
169	71
169	74
169	75
169	82
169	93
169	94
169	114
169	120
169	143
169	146
169	150
169	153
169	155
169	162
169	165
169	187
169	197
169	205
169	209
169	221
169	223
169	233
169	238
169	242
169	243
169	247
170	2
170	3
170	4
170	8
170	9
170	11
170	12
170	14
170	19
170	27
170	28
170	36
170	41
170	47
170	49
170	63
170	66
170	79
170	107
170	108
170	112
170	117
170	121
170	125
170	130
170	137
170	140
170	144
170	145
170	163
170	167
170	171
170	174
170	179
170	199
170	202
170	228
170	237
170	239
170	243
171	2
171	3
171	4
171	8
171	9
171	11
171	12
171	14
171	15
171	19
171	25
171	27
171	28
171	34
171	36
171	41
171	45
171	47
171	48
171	49
171	60
171	62
171	63
171	69
171	79
171	80
171	82
171	85
171	88
171	107
171	108
171	112
171	125
171	130
171	137
171	140
171	144
171	145
171	163
171	170
171	183
171	199
171	213
173	19
173	20
173	31
173	32
173	40
173	61
173	78
173	97
173	115
173	129
173	131
173	135
173	143
173	159
173	185
173	203
173	218
173	224
173	227
173	240
174	2
174	3
174	4
174	5
174	8
174	10
174	13
174	14
174	16
174	18
174	25
174	29
174	30
174	48
174	55
174	56
174	58
174	60
174	69
174	90
174	92
174	102
174	104
174	108
174	116
174	117
174	120
174	121
174	125
174	129
174	130
174	136
174	137
174	140
174	141
174	155
174	164
174	167
174	170
174	180
174	189
174	193
174	194
174	197
174	198
174	210
174	211
174	213
174	223
174	225
174	235
174	237
174	238
174	239
174	243
174	244
174	245
174	252
179	66
179	125
179	170
179	202
179	228
179	237
179	243
180	4
180	5
180	8
180	13
180	16
180	18
180	25
180	55
180	56
180	58
180	60
180	90
180	92
180	102
180	104
180	116
180	136
180	137
180	141
180	155
180	174
180	194
180	197
180	211
180	225
180	237
180	243
181	4
181	5
181	8
181	9
181	12
181	18
181	28
181	33
181	34
181	42
181	45
181	61
181	68
181	77
181	88
181	91
181	112
181	124
181	134
181	138
181	193
181	206
181	219
183	3
183	4
183	8
183	15
183	25
183	34
183	45
183	48
183	60
183	62
183	69
183	75
183	79
183	80
183	82
183	85
183	88
183	166
183	171
183	213
183	222
183	229
184	1
184	10
184	78
184	85
184	89
184	108
184	113
184	135
184	148
184	163
184	168
184	189
184	210
184	220
184	230
184	240
184	246
184	252
185	19
185	20
185	31
185	32
185	40
185	61
185	63
185	68
185	71
185	78
185	80
185	85
185	86
185	88
185	89
185	97
185	115
185	124
185	129
185	131
185	133
185	135
185	139
185	143
185	159
185	173
185	187
185	197
185	203
185	210
185	214
185	218
185	224
185	227
185	230
185	233
185	240
185	245
185	247
185	252
187	4
187	15
187	19
187	24
187	26
187	39
187	40
187	63
187	64
187	68
187	71
187	74
187	80
187	82
187	85
187	86
187	88
187	89
187	93
187	114
187	120
187	124
187	129
187	133
187	139
187	143
187	146
187	162
187	165
187	169
187	185
187	197
187	205
187	209
187	210
187	214
187	221
187	223
187	230
187	233
187	238
187	242
187	243
187	245
187	247
187	252
189	1
189	10
189	78
189	85
189	89
189	108
189	113
189	120
189	129
189	130
189	135
189	148
189	163
189	164
189	168
189	174
189	184
189	193
189	198
189	210
189	213
189	220
189	223
189	225
189	230
189	235
189	238
189	240
189	245
189	246
189	252
193	4
193	5
193	8
193	9
193	12
193	18
193	28
193	33
193	34
193	42
193	45
193	61
193	68
193	77
193	88
193	91
193	108
193	112
193	120
193	124
193	129
193	130
193	134
193	138
193	164
193	174
193	181
193	189
193	198
193	206
193	210
193	213
193	219
193	223
193	225
193	235
193	238
193	245
193	252
194	4
194	5
194	8
194	13
194	16
194	18
194	25
194	55
194	56
194	58
194	60
194	90
194	92
194	102
194	104
194	116
194	136
194	137
194	141
194	155
194	174
194	180
194	197
194	211
194	225
194	237
194	243
197	4
197	5
197	8
197	13
197	15
197	16
197	18
197	19
197	24
197	25
197	26
197	39
197	40
197	55
197	56
197	58
197	60
197	63
197	64
197	68
197	71
197	74
197	80
197	82
197	85
197	86
197	88
197	89
197	90
197	92
197	93
197	102
197	104
197	114
197	116
197	120
197	124
197	129
197	133
197	136
197	137
197	139
197	141
197	143
197	146
197	155
197	162
197	165
197	169
197	174
197	180
197	185
197	187
197	194
197	205
197	209
197	210
197	211
197	214
197	221
197	223
197	225
197	230
197	233
197	237
197	238
197	242
197	243
197	245
197	247
197	252
198	108
198	120
198	129
198	130
198	164
198	174
198	189
198	193
198	210
198	213
198	223
198	225
198	235
198	238
198	245
198	252
199	2
199	3
199	4
199	8
199	9
199	11
199	12
199	14
199	19
199	27
199	28
199	36
199	41
199	47
199	49
199	63
199	79
199	107
199	108
199	112
199	125
199	130
199	137
199	140
199	144
199	145
199	163
199	170
199	171
202	66
202	125
202	170
202	179
202	228
202	237
202	243
203	19
203	20
203	31
203	32
203	40
203	61
203	78
203	97
203	115
203	129
203	131
203	135
203	143
203	159
203	173
203	185
203	218
203	224
203	227
203	240
205	4
205	15
205	24
205	26
205	39
205	64
205	71
205	74
205	82
205	93
205	114
205	120
205	143
205	146
205	162
205	165
205	169
205	187
205	197
205	209
205	221
205	223
205	233
205	238
205	242
205	243
205	247
206	4
206	5
206	8
206	9
206	12
206	18
206	28
206	33
206	34
206	42
206	45
206	61
206	68
206	77
206	88
206	91
206	112
206	124
206	134
206	138
206	181
206	193
206	219
209	4
209	15
209	24
209	26
209	39
209	64
209	71
209	74
209	82
209	93
209	114
209	120
209	143
209	146
209	162
209	165
209	169
209	187
209	197
209	205
209	221
209	223
209	233
209	238
209	242
209	243
209	247
210	1
210	10
210	19
210	23
210	40
210	63
210	68
210	71
210	78
210	80
210	85
210	86
210	88
210	89
210	108
210	113
210	120
210	124
210	129
210	130
210	132
210	133
210	135
210	139
210	148
210	163
210	164
210	168
210	174
210	184
210	185
210	187
210	189
210	193
210	197
210	198
210	211
210	213
210	214
210	220
210	223
210	225
210	230
210	233
210	235
210	238
210	240
210	245
210	246
210	247
210	252
211	4
211	5
211	8
211	13
211	16
211	18
211	23
211	25
211	55
211	56
211	58
211	60
211	90
211	92
211	102
211	104
211	116
211	132
211	136
211	137
211	141
211	155
211	174
211	180
211	194
211	197
211	210
211	225
211	237
211	243
213	3
213	4
213	8
213	15
213	19
213	20
213	21
213	23
213	25
213	31
213	34
213	41
213	44
213	45
213	48
213	52
213	60
213	62
213	67
213	69
213	72
213	79
213	80
213	82
213	84
213	85
213	87
213	88
213	94
213	98
213	106
213	108
213	120
213	129
213	130
213	164
213	171
213	174
213	183
213	189
213	193
213	198
213	210
213	216
213	223
213	225
213	235
213	238
213	241
213	242
213	245
213	252
214	19
214	40
214	63
214	68
214	71
214	80
214	85
214	86
214	88
214	89
214	124
214	129
214	133
214	139
214	185
214	187
214	197
214	210
214	230
214	233
214	245
214	247
214	252
216	19
216	20
216	21
216	23
216	25
216	31
216	41
216	44
216	52
216	62
216	67
216	72
216	84
216	87
216	94
216	98
216	106
216	213
216	241
216	242
218	19
218	20
218	31
218	32
218	40
218	61
218	78
218	97
218	115
218	129
218	131
218	135
218	143
218	159
218	173
218	185
218	203
218	224
218	227
218	240
219	4
219	5
219	8
219	9
219	12
219	18
219	28
219	33
219	34
219	42
219	45
219	61
219	68
219	77
219	88
219	91
219	112
219	124
219	134
219	138
219	181
219	193
219	206
220	1
220	10
220	78
220	85
220	89
220	108
220	113
220	135
220	148
220	163
220	168
220	184
220	189
220	210
220	230
220	240
220	246
220	252
221	4
221	15
221	24
221	26
221	39
221	64
221	71
221	74
221	82
221	93
221	114
221	120
221	143
221	146
221	162
221	165
221	169
221	187
221	197
221	205
221	209
221	223
221	233
221	238
221	242
221	243
221	247
222	75
222	166
222	183
222	229
223	4
223	15
223	24
223	26
223	39
223	64
223	71
223	74
223	82
223	93
223	108
223	114
223	120
223	129
223	130
223	143
223	146
223	162
223	164
223	165
223	169
223	174
223	187
223	189
223	193
223	197
223	198
223	205
223	209
223	210
223	213
223	221
223	225
223	233
223	235
223	238
223	242
223	243
223	245
223	247
223	252
224	19
224	20
224	31
224	32
224	40
224	61
224	78
224	97
224	115
224	129
224	131
224	135
224	143
224	159
224	173
224	185
224	203
224	218
224	227
224	240
225	4
225	5
225	8
225	13
225	16
225	18
225	25
225	55
225	56
225	58
225	60
225	90
225	92
225	102
225	104
225	108
225	116
225	120
225	129
225	130
225	136
225	137
225	141
225	155
225	164
225	174
225	180
225	189
225	193
225	194
225	197
225	198
225	210
225	211
225	213
225	223
225	235
225	237
225	238
225	243
225	245
225	252
227	19
227	20
227	31
227	32
227	40
227	61
227	78
227	97
227	115
227	129
227	131
227	135
227	143
227	159
227	173
227	185
227	203
227	218
227	224
227	240
228	66
228	125
228	170
228	179
228	202
228	237
228	243
229	75
229	166
229	183
229	222
230	1
230	10
230	19
230	40
230	63
230	68
230	71
230	78
230	80
230	85
230	86
230	88
230	89
230	108
230	113
230	124
230	129
230	133
230	135
230	139
230	148
230	163
230	168
230	184
230	185
230	187
230	189
230	197
230	210
230	214
230	220
230	233
230	240
230	245
230	246
230	247
230	252
233	4
233	15
233	19
233	24
233	26
233	39
233	40
233	63
233	64
233	68
233	71
233	74
233	80
233	82
233	85
233	86
233	88
233	89
233	93
233	114
233	120
233	124
233	129
233	133
233	139
233	143
233	146
233	162
233	165
233	169
233	185
233	187
233	197
233	205
233	209
233	210
233	214
233	221
233	223
233	230
233	238
233	242
233	243
233	245
233	247
233	252
235	108
235	120
235	129
235	130
235	164
235	174
235	189
235	193
235	198
235	210
235	213
235	223
235	225
235	238
235	245
235	252
237	4
237	5
237	8
237	13
237	16
237	18
237	25
237	55
237	56
237	58
237	60
237	66
237	90
237	92
237	102
237	104
237	116
237	125
237	136
237	137
237	141
237	155
237	170
237	174
237	179
237	180
237	194
237	197
237	202
237	211
237	225
237	228
237	243
238	4
238	15
238	24
238	26
238	39
238	64
238	71
238	74
238	75
238	82
238	93
238	94
238	108
238	114
238	120
238	129
238	130
238	143
238	146
238	150
238	153
238	155
238	162
238	164
238	165
238	169
238	174
238	187
238	189
238	193
238	197
238	198
238	205
238	209
238	210
238	213
238	221
238	223
238	225
238	233
238	235
238	242
238	243
238	245
238	247
238	252
239	117
239	121
239	167
239	170
239	174
240	1
240	10
240	19
240	20
240	31
240	32
240	40
240	61
240	78
240	85
240	89
240	97
240	108
240	113
240	115
240	129
240	131
240	135
240	143
240	148
240	159
240	163
240	168
240	173
240	184
240	185
240	189
240	203
240	210
240	218
240	220
240	224
240	227
240	230
240	246
240	252
241	19
241	20
241	21
241	23
241	25
241	31
241	41
241	44
241	52
241	62
241	67
241	72
241	84
241	87
241	94
241	98
241	106
241	213
241	216
241	242
242	4
242	15
242	19
242	20
242	21
242	23
242	24
242	25
242	26
242	31
242	39
242	41
242	44
242	52
242	62
242	64
242	67
242	71
242	72
242	74
242	82
242	84
242	87
242	93
242	94
242	98
242	106
242	114
242	120
242	143
242	146
242	162
242	165
242	169
242	187
242	197
242	205
242	209
242	213
242	216
242	221
242	223
242	233
242	238
242	241
242	243
242	247
243	4
243	5
243	8
243	13
243	15
243	16
243	18
243	24
243	25
243	26
243	39
243	55
243	56
243	58
243	60
243	64
243	66
243	71
243	74
243	82
243	90
243	92
243	93
243	102
243	104
243	114
243	116
243	120
243	125
243	136
243	137
243	141
243	143
243	146
243	155
243	162
243	165
243	169
243	170
243	174
243	179
243	180
243	187
243	194
243	197
243	202
243	205
243	209
243	211
243	221
243	223
243	225
243	228
243	233
243	237
243	238
243	242
243	247
244	2
244	3
244	10
244	14
244	29
244	30
244	48
244	69
244	125
244	130
244	137
244	140
244	167
244	174
245	19
245	40
245	63
245	68
245	71
245	80
245	85
245	86
245	88
245	89
245	108
245	120
245	124
245	129
245	130
245	133
245	139
245	164
245	174
245	185
245	187
245	189
245	193
245	197
245	198
245	210
245	213
245	214
245	223
245	225
245	230
245	233
245	235
245	238
245	247
245	252
246	1
246	10
246	78
246	85
246	89
246	108
246	113
246	135
246	148
246	163
246	168
246	184
246	189
246	210
246	220
246	230
246	240
246	252
247	4
247	15
247	19
247	24
247	26
247	39
247	40
247	63
247	64
247	68
247	71
247	74
247	80
247	82
247	85
247	86
247	88
247	89
247	93
247	114
247	120
247	124
247	129
247	133
247	139
247	143
247	146
247	162
247	165
247	169
247	185
247	187
247	197
247	205
247	209
247	210
247	214
247	221
247	223
247	230
247	233
247	238
247	242
247	243
247	245
247	252
252	1
252	10
252	19
252	40
252	63
252	68
252	71
252	78
252	80
252	85
252	86
252	88
252	89
252	108
252	113
252	120
252	124
252	129
252	130
252	133
252	135
252	139
252	148
252	163
252	164
252	168
252	174
252	184
252	185
252	187
252	189
252	193
252	197
252	198
252	210
252	213
252	214
252	220
252	223
252	225
252	230
252	233
252	235
252	238
252	240
252	245
252	246
252	247
